1.167976 130
0.569113 1
0.182417 1
0.251508 1
0.495248 1
0.596747 1
0.131416 1
0.674725 9
1.087538 2
0.002487 674
0.000030 174
0.000017 336
0.000572 130
9.641898 1
0.315733 1
0.112664 1
0.754417 1
2.270727 1
0.592586 10
1.210108 1
0.211223 1
0.232346 1
1.066396 1
0.195626 1
3.131989 2
0.256262 130
3.884544 1
0.124777 1
0.495864 1
0.174213 1
0.642116 2
0.004328 15
3.000271 15
3.000300 15
7.000036 15
3.000279 15
3.000252 15
2.000472 130
13.594477 1
0.297690 1
0.366144 1
0.241769 1
1.478145 2
0.000143 6
