0.642448 162
4.774651 1
0.079196 1
0.920910 4
0.176172 4
8.516498 1
0.171639 1
0.175753 1
0.242534 1
0.742252 1
0.111623 1
0.240557 1
1.438838 1
0.160289 1
0.224695 1
1.415022 1
0.112058 1
2.231692 2
0.022577 305
0.000039 173
0.000022 69
0.000023 159
0.000021 70
0.000027 47
0.000017 57
0.000015 115
0.000016 53
0.000013 37
0.000015 228
0.000014 37
0.000015 21
0.003767 162
19.726543 1
0.127821 1
0.144113 1
0.145888 1
1.005802 1
0.208254 1
0.143615 1
1.672868 1
0.111690 1
0.143697 1
0.720285 4
0.192202 1
0.208430 1
0.191316 1
0.223821 1
0.641838 1
0.112017 1
0.558255 1
0.688030 1
0.159979 1
0.192253 1
0.287572 1
0.176073 1
0.441108 1
0.128906 1
0.176620 1
0.141760 1
0.207814 1
12.193068 4
0.143946 4
0.672323 4
0.519268 1
0.424120 1
1.008252 1
0.273132 1
0.174589 1
1.351962 1
1.521534 1
0.110919 1
0.191437 1
0.271618 1
0.992557 1
0.240481 1
0.207779 1
0.255869 1
0.127873 1
0.935436 1
0.105839 1
1.154174 1
8.526106 1
0.111601 1
0.095392 1
0.192353 1
2.040138 1
0.447808 1
1.215527 1
0.128176 1
0.145304 1
0.142836 1
1.040876 1
0.128070 1
4.647619 1
0.127394 1
1.113206 1
0.574747 1
0.208026 1
0.240275 1
0.873898 1
0.159071 1
0.110916 1
0.160008 1
0.161569 1
0.767663 1
0.158751 1
0.720219 2
1.095911 162
2.592223 1
0.161432 1
16.415353 1
0.599683 4
0.896015 1
0.111736 1
0.192249 1
0.295113 1
0.177084 1
0.823987 1
0.127712 1
0.947765 2
0.015450 9
1.949071 1
0.065438 1
0.126683 1
0.009029 2
0.000380 32
0.000243 9
2.414074 1
0.095761 1
1.351928 2
0.008570 99
0.000427 9
3.903551 1
0.192674 1
0.031962 1
0.416125 2
2.087501 2
0.000127 2
5.409795 1
0.094246 1
0.143900 1
0.240551 1
1.719664 1
0.255600 1
0.208692 1
0.095691 1
0.536980 1
0.288123 1
0.191338 1
0.584623 3
0.144434 3
0.142615 3
0.960571 1
0.128251 1
0.287965 1
0.095780 1
1.071686 1
0.082380 1
0.589872 18
4.216131 1
0.079731 1
0.160366 1
0.199512 1
0.224198 1
0.272006 9
2.143758 2
0.277074 2
0.000341 162
4.075315 9
1.792036 2
0.001928 9
1.957904 1
0.080829 1
0.161212 1
2.013879 2
0.005905 99
0.000377 9
1.482225 1
0.080811 1
0.158879 2
0.069050 29
0.000106 30
0.007333 33
0.000080 28
0.010155 9
1.314211 1
0.160783 1
0.214362 1
0.948600 3
0.219625 1
2.832125 1
1.631738 1
0.128332 1
0.225149 1
0.174716 1
0.832064 1
0.224530 1
0.671411 1
0.144993 1
2.462886 2
0.001901 269
0.000031 33
0.000109 177
0.000020 65
0.000024 63
0.000012 99
0.000015 73
0.000015 63
0.000015 73
0.000014 98
0.000012 34
0.000060 228
0.000038 96
0.000364 9
7.004986 1
0.144873 1
0.176563 1
1.167827 1
4.967271 1
0.208106 1
0.143988 1
2.432369 3
0.879988 1
0.599690 2
0.084484 25
0.053380 821
0.000034 230
0.000126 380
0.000015 77
1.998256 28
0.003277 9
2.413163 2
0.000435 2
0.000338 162
1.439460 1
0.359747 1
0.159846 1
0.192546 1
0.745056 2
0.000349 6
