0.488384 140
1.619622 4
0.618292 8
0.664351 27
1.928309 45
1.366885 2
0.002699 2151
0.001057 140
9.805880 18
0.845452 25
0.696205 8
0.479844 27
2.665487 2
0.179223 140
1.164586 23
0.415450 45
0.375682 25
0.825860 8
1.855918 2
0.003600 73
2.876009 1
0.302188 1
0.255707 1
0.839426 2
0.000198 50
0.000074 37
1.000364 14
0.000324 32
3.651088 1
0.637755 1
0.111809 1
2.273334 2
0.000227 50
0.000079 37
1.000508 16
0.000247 32
2.191594 1
0.192015 1
0.597932 1
1.398963 2
0.000228 50
0.000070 37
1.000423 17
0.000244 32
3.011039 1
0.469687 1
1.207279 1
1.265726 2
0.000255 50
0.000073 37
1.000524 16
0.000261 32
13.069878 1
0.712520 1
1.337916 1
0.871146 2
0.000211 50
0.000027 37
1.000733 52
22.615125 1
2.105393 1
0.702124 1
0.791427 2
0.000232 50
0.000058 37
1.000726 50
6.087101 2
0.000797 2
0.000390 140
2.807926 1
0.178567 1
0.156437 1
0.874923 1
0.878436 2
0.000114 6
