0.531062 140
4.771885 1
0.160925 1
0.208036 1
0.225049 1
0.430902 1
0.349556 8
1.757073 1
0.345311 1
0.134678 1
2.222861 2
0.204111 351
0.000046 564
0.000034 211
0.000032 51
0.000020 2
0.000958 140
10.018905 1
0.208906 1
0.189580 1
0.650632 1
0.782535 1
1.223850 4
3.146411 1
0.520470 8
1.197799 1
0.439376 1
0.112269 1
0.239404 1
0.360270 1
0.448494 1
0.994553 1
0.600258 1
0.054791 1
9.830806 2
0.120385 140
1.879039 1
0.162146 1
0.491359 1
0.245134 1
0.935472 1
4.588275 4
0.926986 2
0.426509 31
0.000480 140
2.507214 1
0.176603 1
0.711493 1
0.232124 1
0.956309 1
0.964202 1
0.769233 2
0.002003 28
0.000363 29
0.000017 18
5.000628 13
0.000559 140
5.938379 1
0.209595 1
0.999951 1
1.022657 1
0.193144 1
0.824962 1
0.077813 1
0.752635 2
0.002904 28
0.000283 29
0.000030 19
10.001070 13
0.000427 140
4.492962 1
0.192175 1
0.158298 1
1.001838 1
1.101376 2
0.000156 6
