0.523527 140
2.678509 1
0.174412 1
0.127883 1
0.223950 1
2.860137 1
0.394489 8
1.346365 1
0.473479 1
0.094526 1
1.032276 2
0.002815 410
0.000039 443
0.000032 363
0.000026 309
0.000023 184
0.000031 282
0.000022 76
0.000819 140
5.412024 1
0.657875 1
0.159708 1
0.656517 1
0.744449 1
0.391463 8
1.934076 1
0.277857 1
0.172507 1
1.775251 1
0.160793 1
0.237818 1
0.280597 1
0.351734 1
0.288498 1
0.864855 2
0.129214 140
1.813515 1
0.095965 1
1.305604 1
0.223988 1
0.645942 2
0.005578 32
0.015298 69
0.001274 140
21.669165 1
0.095413 1
0.871618 2
0.004360 187
0.000713 140
4.962168 1
0.193280 1
1.191552 1
1.745914 1
2.751887 1
2.143134 1
0.080376 1
1.046956 2
0.905189 67
0.014006 140
10.091364 1
0.176783 1
0.126604 1
0.271800 1
0.890049 1
0.463427 1
0.272617 1
0.143737 1
1.072720 1
0.229756 1
0.729763 1
0.271908 1
0.414389 1
0.424419 1
0.960307 2
0.477483 147
0.000644 140
8.650687 1
0.094918 1
0.210382 1
0.662072 1
0.360451 4
0.191228 4
0.161113 4
1.934904 1
1.240569 1
0.473572 1
0.632861 1
0.454745 1
0.160753 1
0.205729 1
0.273790 1
0.223799 1
0.209038 1
1.023804 1
0.224655 1
0.373694 1
0.273221 1
0.462213 2
0.505771 47
0.000024 16
0.000037 45
0.000028 39
0.000625 140
6.073912 1
0.157018 1
1.401624 1
0.209693 1
1.830004 1
0.873895 1
0.215696 1
0.110384 1
0.144271 1
0.159456 1
0.800149 2
0.019380 68
0.014096 140
5.031791 1
0.355911 1
0.943514 1
0.161642 1
22.483063 1
1.625655 1
0.172829 1
0.193162 1
1.112290 1
0.240708 1
1.302719 1
0.400517 1
0.255630 1
0.408248 1
0.255789 1
0.495500 2
0.003790 7
0.000676 140
12.758034 1
1.143959 1
0.181871 1
2.235138 1
0.159885 1
0.145172 1
0.967060 1
0.208666 1
0.221767 1
0.732082 1
0.236918 1
0.175761 1
1.137236 1
0.175776 1
0.350663 1
0.289197 1
0.503442 2
0.002944 42
0.000641 140
6.957555 1
0.240218 1
0.142035 1
0.193219 1
2.088673 2
0.000179 6
