0.528433 140
5.226867 1
0.191650 1
0.125809 1
0.208699 1
0.385723 1
0.224532 1
0.175118 1
1.143268 1
0.129917 1
0.845707 1
1.206092 3
1.500563 1
1.784127 1
0.212627 1
0.746919 2
0.002953 374
0.000043 124
0.000028 232
0.000028 90
0.000022 183
0.000019 234
0.000016 17
0.001017 140
3.172066 1
0.159122 1
0.223275 1
0.792693 1
3.993947 1
1.565211 4
1.203587 1
0.470898 8
1.160310 1
0.318971 1
0.502806 1
0.408817 1
0.562355 1
0.271517 1
0.495561 1
0.472300 1
0.230673 1
1.985938 1
0.192127 1
0.141646 1
0.264040 1
0.656543 5
0.977796 5
0.613679 3
0.138049 3
0.153620 3
0.190665 3
0.097943 1
0.108640 1
0.769134 2
0.138716 140
1.677907 1
0.117468 1
0.497009 1
1.009317 1
1.845613 2
0.004539 472
0.000026 53
0.000204 66
0.000020 66
0.000021 66
0.000017 33
0.000019 99
0.001074 140
4.052317 4
0.621907 2
0.002729 525
0.000171 99
0.000023 33
0.000014 99
0.000036 99
0.000689 140
5.214465 4
1.542364 2
0.003130 525
0.000280 99
0.000053 231
0.000855 140
35.858808 1
0.190278 1
0.110936 1
0.351480 1
0.546293 4
0.176968 4
0.142005 4
0.113051 4
0.110131 1
0.112812 1
0.642119 1
0.518555 1
0.256437 1
0.286690 1
0.126263 1
1.656674 4
0.501119 4
0.032501 4
0.027275 4
0.037250 1
0.034983 1
0.028441 1
0.034061 1
0.035682 1
0.034521 1
0.029843 1
0.029933 1
0.047988 1
0.017654 1
0.035070 1
0.033172 1
0.029923 1
0.038837 1
0.025704 1
1.676403 1
0.221555 1
0.503563 1
0.064389 1
0.841221 2
0.000177 6
