0.435455 126
18.255714 1
0.064222 1
0.129095 1
0.774787 1
1.560549 1
0.159831 1
0.287994 1
0.855460 1
1.070187 6
1.666085 1
0.335765 1
0.405613 6
1.506867 2
0.003095 101
0.000039 188
0.000018 67
0.000013 22
0.000015 29
0.000016 124
0.000016 73
0.000018 29
0.000015 91
0.000020 55
0.000019 68
0.000037 97
0.001043 126
9.036095 1
0.543963 4
0.160084 1
10.632986 21
0.480260 28
0.735915 11
0.664109 31
0.272108 34
0.144117 15
0.147843 25
0.187493 24
1.256054 1
0.127692 1
0.160406 1
0.863020 1
0.976734 1
1.015929 1
0.112394 1
5.095150 1
0.112303 1
0.320216 1
0.879860 1
0.176640 1
0.447245 1
1.336535 1
0.064394 1
1.327465 1
0.664540 1
0.193756 1
0.142365 1
0.303666 1
1.480617 1
0.270941 1
0.537057 1
0.423573 1
1.119578 1
0.672407 1
0.320422 1
0.224191 1
0.174845 1
0.865733 4
3.110624 1
0.288031 1
0.255956 1
0.707599 10
3.208357 1
0.140675 1
0.111881 1
0.271730 1
0.701390 11
3.194384 1
0.288330 1
0.583826 1
0.512548 4
0.160091 4
0.920129 1
0.191977 1
0.223675 1
0.184159 1
0.144137 1
0.207430 1
0.160396 1
0.847489 1
0.128512 1
2.712138 2
0.386585 126
7.630123 1
0.175306 1
0.527830 1
0.112268 1
0.176334 1
0.959669 1
0.128023 1
0.984118 1
0.111840 1
1.816467 2
0.565670 9
3.482445 1
1.535713 1
0.080168 1
1.591593 1
1.624648 1
0.391949 1
1.648102 1
1.919508 1
0.425488 1
1.086854 2
0.000126 75
0.004788 11
0.000138 104
0.000017 60
0.000050 219
0.000017 60
0.000017 58
0.000016 55
0.000016 56
0.000015 105
0.000048 96
0.000044 94
0.000709 9
8.147008 2
0.000926 2
0.000239 126
2.430305 1
0.287904 1
0.016057 1
0.776131 4
0.143783 4
1.088916 1
0.111187 1
0.144420 1
0.679781 4
0.560031 1
0.999781 2
0.000215 6
