0.506667 126
2.436965 1
0.175707 1
0.095980 1
0.799913 1
5.240370 1
0.175811 1
1.792300 4
0.143620 4
1.232135 1
0.079617 1
0.240060 1
0.872403 1
1.504261 1
0.192103 1
0.943858 1
0.207971 1
1.239825 1
0.336167 1
0.199939 1
10.280086 2
0.018356 395
0.000036 283
0.000035 324
0.003394 126
7.597996 1
0.045783 1
0.159479 1
1.055468 1
0.864086 1
2.128688 1
0.095344 1
0.391858 1
1.760436 1
0.647966 1
0.782837 7
0.705439 2
0.055459 54
0.000061 20
0.111328 60
0.001040 40
0.002329 198
0.000215 6
0.000013 31
0.000019 63
0.000034 31
0.000013 30
0.000031 63
0.000050 127
0.000035 62
0.000025 63
0.000013 64
0.000036 93
0.004304 400
0.000022 31
0.000029 95
0.000014 75
0.000012 9
0.000013 22
0.000013 47
0.000013 9
0.000013 120
0.000013 20
0.000013 23
0.000012 48
0.000012 9
0.000025 130
0.000014 17
0.000013 9
0.000014 7
0.000023 26
0.000014 54
0.000017 13
0.000012 12
2.121065 22
0.303964 6
0.000073 16
0.143778 6
0.000085 16
0.128538 6
0.000069 16
0.143409 6
0.000073 16
0.128193 6
0.000068 16
0.127958 6
0.000060 17
0.128111 6
0.000062 17
0.143977 6
0.000070 17
0.142995 6
0.000114 17
0.144757 6
0.000104 17
0.143472 6
0.000071 17
0.160019 6
0.000067 17
0.147550 23
0.141738 6
0.000083 17
0.150709 6
0.000095 17
0.143762 6
0.000103 17
0.142918 6
0.000096 17
0.160799 6
0.000072 17
0.144313 6
0.000107 17
0.143551 6
0.000063 17
0.143851 6
0.000092 17
0.127884 6
0.000128 17
0.143972 6
0.000067 17
0.159748 6
0.000040 17
0.144148 6
0.000134 13
0.000029 12
0.160551 6
0.000057 17
0.142951 6
0.000068 17
0.144218 6
0.000079 17
0.144090 6
0.000087 17
0.143679 6
0.001415 17
0.142890 6
0.000058 17
0.207693 6
0.000060 17
0.431920 6
0.000080 13
0.512731 6
0.000084 13
0.031058 6
0.000077 13
0.029315 6
0.000071 13
0.030185 6
0.000071 13
0.030311 6
0.000108 13
0.044195 6
0.000074 13
0.030452 6
0.000043 13
0.031992 6
0.000072 13
0.028915 6
0.000081 18
0.030227 6
0.000066 13
0.045248 6
0.000080 18
0.028948 6
0.000060 12
0.029952 6
0.000051 12
0.030569 6
0.000054 12
0.029153 6
0.000061 12
0.045536 6
0.000060 12
0.030170 6
0.000081 12
0.030432 6
0.000074 12
0.029449 6
0.000056 12
0.030111 6
0.000064 12
0.044860 6
0.000078 12
0.031463 6
0.000073 12
0.028857 6
0.000055 12
0.030820 6
0.000101 12
0.028032 6
0.000030 12
0.030334 6
0.000055 12
0.045428 6
0.000076 12
0.182284 6
0.000058 15
0.174812 6
0.000080 15
0.288041 6
0.000077 15
0.752029 6
0.000071 13
0.514177 6
0.000085 13
0.028338 6
0.000067 13
0.030949 6
0.000089 13
0.031164 19
0.027755 19
0.044492 6
0.000051 13
0.031411 19
0.030401 6
0.000042 13
0.029665 6
0.000061 1
0.000020 12
0.029623 6
0.000064 13
0.045595 6
0.000080 13
0.031684 6
0.000077 13
0.028997 6
0.000076 13
0.030558 19
0.030824 6
0.000064 13
0.030206 6
0.000083 13
0.046297 6
0.000040 13
0.030688 6
0.000068 13
0.030241 6
0.000084 13
0.029776 6
0.000071 13
0.030830 6
0.000082 13
0.030501 6
0.000070 13
0.045133 6
0.000108 13
0.030214 19
0.031587 6
0.000141 13
0.028130 6
0.000109 13
0.030201 6
0.000015 13
0.044934 6
0.000087 13
0.030758 6
0.000083 15
0.029790 6
0.000060 15
0.030308 21
0.030716 6
0.000037 15
0.029399 6
0.000104 13
0.045369 19
0.031553 6
0.000053 18
0.333421 6
0.000117 13
0.568222 6
0.000063 13
0.600124 6
0.000077 20
1.199078 6
0.000140 8
0.000037 23
0.190270 27
0.000217 1
0.000017 39
0.874008 6
0.000273 38
0.366798 6
0.000303 38
0.128433 6
0.000302 38
0.175528 6
0.000301 38
0.175630 6
0.000300 38
0.591411 6
0.000316 29
0.208039 6
0.000310 1
0.000029 39
0.175488 6
0.000349 38
0.128316 6
0.000284 38
0.255451 6
0.000296 38
0.143021 6
0.000243 29
0.192831 6
0.000323 1
0.000025 39
0.158804 6
0.000259 38
0.207946 6
0.000262 38
0.159846 6
0.000259 38
1.623534 6
0.000466 8
0.043632 25
0.000047 6
0.000029 8
0.000024 33
0.000145 20
1.827672 6
0.052372 6
0.000205 56
0.001290 126
3.018919 17
0.528211 36
0.567347 2
0.001964 281
0.000035 561
0.000041 179
0.000681 126
3.440596 1
0.208234 1
0.127936 1
0.111856 1
3.869102 1
0.079262 1
0.488320 1
2.840243 1
1.184014 1
0.531044 7
1.477292 1
0.223318 1
0.232567 1
2.311808 1
0.080314 1
0.192612 1
0.191179 1
0.543990 1
2.200328 2
0.028157 66
0.000212 374
0.168644 126
41.045082 1
0.880234 4
0.703947 24
0.160030 43
0.927843 32
1.583445 2
0.031957 74
0.065846 60
0.000274 40
0.002469 198
0.000146 161
0.000037 63
0.000021 127
0.000022 62
0.000064 127
0.000025 93
0.003393 4
0.000014 21
0.000019 29
0.000024 26
0.000012 7
0.000043 53
0.000012 57
0.000029 55
0.000030 55
0.000035 93
0.000014 8
0.000031 23
0.000028 95
0.000032 84
0.000037 22
0.000021 47
0.000027 9
0.000025 120
0.000030 20
0.000014 23
0.000027 57
0.000046 101
0.000014 29
0.000011 17
0.000026 9
0.000025 7
0.000025 26
0.000042 85
0.000035 18
0.000027 18
0.767890 6
0.000057 12
0.175943 6
0.000039 12
0.119332 6
0.000066 12
0.144301 6
0.000053 12
0.111283 6
0.000195 12
0.128543 6
0.000061 12
0.239791 6
0.000082 16
0.176345 6
0.000079 16
0.159903 6
0.000058 16
0.159723 6
0.000090 16
0.399706 6
0.000047 15
0.735974 6
0.000066 15
0.504277 6
0.000117 15
0.031091 6
0.000082 15
0.044887 6
0.000085 15
0.029792 6
0.000081 15
0.029916 6
0.000105 15
0.030147 6
0.000255 15
0.031397 6
0.000075 13
0.029757 6
0.000192 15
0.046407 6
0.000083 15
0.030824 6
0.000069 15
0.029709 6
0.000200 15
0.232403 6
0.000078 15
0.473209 6
0.000066 15
0.254659 6
0.000110 28
0.384436 6
0.000103 15
0.671312 6
0.000074 15
0.863800 6
0.000127 25
0.000035 6
0.058065 13
0.000173 27
2.181636 6
0.000161 13
0.159273 6
0.000130 13
0.208926 6
0.000182 13
0.175032 6
0.000170 13
0.160072 6
0.000163 13
0.304540 6
0.000159 13
0.238812 6
0.000142 13
0.176360 6
0.000139 1
0.000048 45
1.720003 35
0.255726 6
0.000203 3
0.000017 12
2.848616 6
0.000210 13
0.062979 6
0.000164 13
0.112104 6
0.000161 13
1.144607 6
0.000201 13
0.286826 6
0.000163 13
0.191889 6
0.000205 13
0.087660 6
0.000161 13
0.183617 6
0.000160 13
0.880232 6
0.000189 1
0.000015 14
0.143848 6
0.000192 13
0.319644 6
0.000195 13
0.336047 6
0.000193 13
5.264021 6
0.000233 7
0.000035 49
1.495557 6
0.000598 8
0.089331 31
0.000091 35
0.000066 25
1.200808 6
0.602748 6
0.000026 12
0.000018 12
0.000059 32
0.001469 126
1.394212 17
0.583874 41
1.191860 43
0.791259 2
0.002366 439
0.000023 424
0.000027 181
0.000615 126
1.245779 15
0.368285 32
1.519517 41
1.095969 2
0.129108 126
1.598416 1
0.184126 1
0.319430 1
0.111976 1
0.240626 1
0.207870 1
0.319969 1
3.128460 2
0.004049 44
0.000378 61
0.000330 64
0.000139 1
0.000180 61
0.000197 1
0.000250 1
0.000021 64
0.000205 1
0.000681 61
0.000177 1
0.000163 1
0.000103 60
0.000093 1
0.000355 126
104.876423 1
0.287545 1
0.119900 1
0.200073 1
2.040182 2
0.000167 6
