1.073392 162
0.920174 1
0.104579 1
0.264982 2
0.003838 32
0.000495 162
6.725087 1
0.201110 1
0.184097 1
0.794576 1
0.309055 1
0.183797 1
0.193568 1
0.133418 1
0.213972 1
0.216071 1
0.247685 1
0.746586 1
0.074313 1
2.077961 2
0.013255 3
0.000333 2
0.000092 521
0.000047 453
0.000138 306
0.001612 162
10.442986 1
0.332213 1
0.132494 1
1.513778 1
1.716794 1
0.199887 1
0.282349 1
0.103507 1
0.220839 1
0.472908 1
0.249347 1
0.613363 1
0.115769 1
0.958323 1
0.246812 1
1.895149 1
0.208236 1
1.918001 1
0.236980 1
0.188568 1
0.130165 1
0.227821 1
1.007471 1
0.175534 1
1.536110 2
0.034579 62
0.000111 2
0.000156 182
0.000047 2
0.000040 33
0.000037 2
0.000038 31
0.000038 2
0.000134 48
0.000043 2
0.000039 194
0.000039 2
0.000037 46
0.000037 2
0.000033 44
0.000037 2
0.000072 182
0.000041 2
0.000037 33
0.000041 2
0.000037 31
0.000020 2
0.000044 48
0.000026 2
0.000019 194
0.000017 2
0.000016 46
0.000016 2
0.000023 44
0.000017 2
0.133808 162
23.202708 1
0.111219 1
0.698797 4
0.177543 4
0.941003 1
0.076009 1
0.812606 4
0.176952 4
2.935243 1
0.211629 1
0.178707 1
1.243062 1
1.778275 1
0.568529 1
0.148352 1
0.573469 1
0.183278 1
0.204503 1
1.596380 1
0.274730 1
0.319404 1
0.290945 1
0.582607 2
0.462947 520
0.000259 292
0.000754 179
0.000038 29
0.000404 496
0.000223 292
1.489749 113
0.125238 1
0.213815 1
0.179906 1
0.214448 1
1.473507 187
0.000247 195
0.000015 179
0.000431 200
1.301765 3
0.000122 184
0.000317 196
0.000386 214
0.000365 178
0.000334 171
1.093524 215
0.490790 179
0.000147 33
0.000019 37
0.000976 162
3.823749 1
0.412531 1
1.063945 1
0.209866 1
0.910106 6
1.580448 1
0.081028 1
0.362912 1
0.210474 1
0.421243 1
1.079011 1
0.364935 1
0.339653 1
0.757343 1
1.007620 1
1.021266 1
0.646593 1
0.157940 1
1.091754 1
0.334479 1
0.192259 1
0.519489 1
0.553022 1
0.328060 1
0.306836 1
0.923689 2
0.058553 162
2.328503 1
0.191438 1
0.253209 1
0.411170 4
0.204797 1
0.680554 1
0.289391 1
0.285800 1
0.273202 1
0.792152 1
0.403581 1
0.147968 1
0.539598 1
0.308027 1
0.302496 1
0.280746 1
0.818422 2
0.001873 7
0.000542 162
8.893976 1
0.203563 1
1.168727 1
1.033526 1
0.853794 8
