0.560411 162
1.144656 1
0.093852 1
1.417540 2
0.006037 41
0.000158 2
0.000731 162
1.707220 1
0.181649 1
0.236993 1
3.098731 1
1.222489 1
0.160204 1
0.238861 1
0.310848 1
1.116105 1
0.407657 1
2.823451 2
0.005240 263
0.000029 41
0.000109 4
0.000873 162
7.959639 1
0.211015 1
0.152107 1
1.793175 1
0.408015 1
0.172950 1
0.144704 1
0.786304 1
0.140327 1
0.245979 1
0.290887 1
0.260496 1
0.946481 1
1.061705 1
0.988442 1
0.144785 1
2.546032 2
0.002843 18
0.000090 2
0.000116 999
0.000120 603
0.000811 162
16.974012 1
0.129522 1
0.924850 1
0.885465 1
32.319107 1
0.665817 4
4.885452 1
0.151861 1
0.130003 1
0.741458 1
0.124967 1
0.254101 1
0.252220 1
2.419084 1
0.264222 1
0.287559 1
1.449006 1
0.223391 1
0.255753 1
0.752268 1
0.394156 1
0.749935 1
0.434256 1
0.181259 1
0.155572 1
0.433091 4
0.126696 1
0.978253 1
1.942653 4
0.458151 4
1.223299 1
0.265397 1
1.144663 2
0.591236 162
2.155731 1
0.193473 1
0.788425 1
0.177217 1
0.978825 1
0.271861 1
0.777376 2
0.047109 32
0.003093 162
7.087693 1
0.083068 1
0.591250 2
0.004230 79
0.001063 162
2.601655 1
0.206392 1
0.282476 1
1.433111 1
3.467399 1
0.240505 1
0.232104 1
0.284222 1
2.146211 1
0.236660 1
0.142717 1
0.318220 1
0.888588 1
1.359464 1
0.423850 1
0.375288 1
1.050677 2
0.002157 112
0.000608 162
0.424160 72
4.120596 4
0.435852 4
0.286119 4
0.507024 4
0.022457 4
0.030079 4
0.030110 4
0.029978 4
0.030457 4
0.030122 4
0.031728 4
0.030134 4
0.030436 4
0.029989 4
0.029099 4
0.031986 4
0.035927 4
0.031141 4
0.021140 4
0.045686 4
0.014737 4
0.044903 4
0.016254 4
0.046125 4
0.014021 4
0.043366 4
0.017185 4
0.028591 4
0.030075 4
0.029413 4
0.039129 4
0.031900 4
0.027746 4
0.031528 4
0.021746 4
0.029952 4
0.033659 4
0.041667 4
0.016432 4
0.032089 4
0.025683 4
0.029979 4
0.031735 4
0.034188 4
0.025241 4
0.032975 4
0.044076 4
0.022445 4
0.038799 4
0.014136 4
0.030259 4
0.028182 4
0.031463 4
0.039622 4
0.019449 4
0.029720 4
0.029872 4
0.033379 4
0.029522 4
0.031678 4
0.026822 4
0.034131 4
0.027161 4
0.033572 4
0.040926 4
0.015335 4
0.030363 4
0.029597 4
0.030426 4
0.045107 4
0.014304 4
0.035361 4
0.029710 1
0.026524 1
0.028793 1
0.044301 1
0.029673 1
0.021984 1
0.024044 1
0.039659 1
0.024551 1
0.026453 1
0.031104 1
0.040219 1
1.873713 1
0.417605 1
1.238442 1
0.165138 1
1.199685 2
0.000228 4
0.000184 2
