0.474808 126
1.898459 1
0.094844 1
0.110621 2
0.355811 28
0.000728 126
2.405436 1
0.144647 1
0.143248 1
0.255705 1
1.144032 1
0.112602 1
0.208397 1
0.487058 1
0.472751 1
0.672099 1
0.685537 2
0.003458 579
0.000022 417
0.000020 88
0.000813 126
9.342683 1
0.191832 1
0.128841 1
1.783095 1
0.351286 14
1.137252 18
1.256715 1
0.919205 1
0.591941 4
1.055667 4
0.857843 1
0.111398 1
0.343701 1
0.759302 1
0.512216 1
0.351700 1
0.880370 1
25.440146 1
0.272083 1
0.753220 1
0.543470 1
0.464340 4
0.896679 1
0.175723 1
0.158501 1
0.224559 1
0.375569 1
0.162054 1
0.741179 2
0.746353 126
0.831374 1
0.143614 1
0.896819 4
0.224124 4
0.815687 1
0.127636 1
0.702429 2
0.008224 85
0.000627 126
10.552564 1
0.162266 1
0.374808 1
0.128513 1
0.143124 1
0.632265 1
0.143783 1
1.079962 1
0.520532 1
0.895597 1
0.145280 1
0.221946 1
1.457571 1
0.527115 1
1.088928 1
0.616214 1
0.286900 1
0.288123 1
0.873249 1
0.503390 1
0.447600 4
0.159786 1
0.145429 1
0.207005 1
0.208218 1
1.200285 1
0.335365 1
0.361009 1
0.287854 1
0.319061 1
1.704642 1
0.384069 1
0.175253 1
0.224615 1
0.159252 1
0.633130 1
0.367645 1
0.255895 1
0.311530 1
0.320273 1
0.440243 1
0.552438 1
0.271748 1
0.288751 1
0.414984 1
0.304523 1
0.289256 1
1.238425 1
0.408182 1
0.360530 1
0.321602 1
4.595812 2
0.049225 20
0.000766 126
2.527555 1
0.096820 1
1.190111 2
0.004581 97
0.000495 126
3.669922 1
0.111232 1
0.159689 1
0.991423 1
0.536910 1
0.831816 4
0.241683 1
0.238671 1
0.239843 1
0.543401 1
0.736759 1
0.192378 1
1.071626 1
0.448307 1
0.439920 1
0.320299 1
4.885479 2
0.002525 22
0.000684 126
6.687527 1
0.718901 4
4.538505 1
0.254674 1
0.535450 1
0.192516 1
0.862095 2
0.000205 6
