0.289358 1
0.069787 1
0.132653 2
0.045445 166
0.005860 68
0.000554 162
5.533692 1
0.130473 1
0.214539 1
0.087237 1
12.446926 4
0.169196 4
0.152467 4
0.508569 4
0.617456 1
0.253754 1
0.152394 1
0.149767 1
2.016504 1
0.108746 1
0.202160 1
0.114683 1
0.332102 1
0.199263 1
0.289386 1
0.323287 1
1.601125 1
0.568410 1
0.766791 1
0.258251 1
0.299943 1
3.550665 4
0.191928 4
0.529784 4
0.250527 1
2.002953 1
3.377198 1
1.423436 1
0.210521 1
1.067536 1
0.116829 1
0.184774 1
0.145745 1
3.846414 1
0.177065 1
0.258207 1
0.710244 4
0.143613 1
0.254588 1
1.163540 1
0.618021 1
38.075672 4
1.056449 2
0.254730 162
8.256526 1
0.293311 1
0.291890 1
0.774343 1
0.343904 1
0.200471 1
0.282929 1
0.181537 1
0.226064 1
1.060165 2
0.004437 10
0.000456 29
0.003415 162
5.497201 1
0.193658 1
0.278155 1
1.689835 6
1.201760 1
0.317967 1
0.499176 1
0.358544 1
0.969500 2
0.005403 22
0.000128 2
0.000966 162
4.221453 1
0.119308 1
0.752446 1
0.176614 1
1.353337 1
0.259534 1
1.684443 1
0.399062 1
0.213993 1
0.518161 1
0.179195 1
1.073616 4
0.094306 4
37.982008 1
1.021401 1
1.052672 1
0.471056 1
0.453656 1
0.447735 1
1.586593 2
0.003020 50
0.000580 162
8.183707 1
1.151152 4
4.747887 1
0.214171 1
1.033518 1
0.461833 1
0.246778 1
2.348639 1
0.305032 1
0.245159 1
0.321393 1
0.433068 1
1.166277 1
1.029126 1
0.986482 1
0.205312 1
0.271025 1
0.172181 1
0.329099 1
0.767286 1
0.325828 1
0.495758 1
0.427342 1
1.099574 2
0.020829 146
0.000021 26
0.000015 65
0.000009 13
0.000013 13
0.000021 64
0.001270 162
5.518294 1
0.251740 1
0.327413 1
0.702380 1
0.287666 1
0.177896 1
0.241249 1
0.160756 1
0.994644 1
0.173949 1
0.225559 1
0.297811 1
0.561091 1
3.109368 1
0.178414 1
2.148842 2
0.004118 71
0.000023 11
0.000139 665
0.000840 162
4.198215 1
0.354226 1
0.341887 1
0.257011 1
0.713137 8
