0.601035 162
30.078921 1
0.452719 1
0.714155 4
0.692478 1
0.798892 1
0.743803 1
0.402964 1
0.185714 1
0.578663 1
0.249771 1
0.218155 1
0.246255 1
1.769036 1
1.384581 1
0.190984 1
0.234252 1
0.953316 1
0.606249 1
0.277732 1
1.952468 2
0.008235 1068
0.000033 123
0.000769 162
7.176014 1
0.428697 1
0.939560 1
0.915540 1
7.233618 1
0.236030 1
0.425744 1
0.270116 1
0.263590 1
0.283575 1
0.253880 1
0.617253 1
0.226421 1
0.233973 1
0.170734 1
1.414538 1
0.372351 1
0.372923 1
0.686858 1
0.447888 1
0.306768 1
0.662232 1
0.223206 1
0.343148 1
0.270130 1
0.288546 1
0.293876 1
0.285466 1
0.711222 1
0.194313 1
0.251301 1
0.184650 1
1.314339 2
0.197692 162
2.480088 1
0.084050 1
0.135064 2
0.007860 65
0.000742 162
1.820197 1
0.206636 1
0.170522 1
0.602182 1
0.891885 1
1.155906 1
0.259964 1
0.292444 1
0.629782 1
0.737710 1
0.286120 1
0.323119 1
0.333067 1
0.602530 2
0.007611 520
0.000180 286
0.000012 6
0.000339 179
0.000033 29
0.000463 496
0.000165 292
2.764358 112
1.458210 1
0.189572 1
0.698502 13
0.188841 13
0.941296 13
1.783564 1
0.210879 1
0.205816 6
0.218765 1
0.262658 1
0.275607 1
0.345157 1
0.232611 6
0.271381 1
0.172260 1
0.228301 7
0.739088 1
0.401292 15
0.393082 1
0.290848 1
0.348143 1
0.242066 1
0.649840 1
3.382017 6
1.527500 1
0.355478 13
0.704458 1
0.154327 1
0.162954 1
1.810082 1
0.640456 1
3.243068 187
0.000202 195
0.000018 179
0.000391 200
1.622908 946
0.913000 5
0.000040 179
0.000037 31
0.112328 250
0.000459 162
1.863705 1
0.096887 1
0.641074 2
0.009475 75
0.000831 162
7.633416 1
0.222988 1
1.332744 1
0.192029 1
1.346876 10
3.471893 1
0.220119 1
0.525676 1
0.419043 4
0.161573 1
0.512007 1
1.567850 1
1.033570 1
1.991754 1
0.389723 1
12.802596 1
2.091810 1
0.348541 1
0.350592 1
0.928330 1
0.291589 1
0.236801 1
0.754251 4
0.355498 1
0.502631 1
0.248151 1
0.337629 1
0.310719 1
13.154147 2
0.059359 162
2.039326 1
0.203622 1
0.424613 1
0.244471 1
0.723351 1
0.277036 1
0.328438 1
0.988873 1
0.301001 1
0.184378 1
1.973748 1
0.368871 1
0.336452 1
0.327361 1
1.031706 2
0.001972 25
0.000607 162
3.428217 1
0.204196 1
0.456793 1
0.439663 1
1.543836 1
0.247497 1
0.267333 1
0.348441 1
1.163784 1
0.209105 1
1.856088 4
0.178794 4
0.410772 4
0.171641 4
0.498333 4
0.029298 4
0.030276 4
0.031563 4
0.032926 4
0.026117 4
0.030795 1
0.030213 1
0.033693 1
0.026079 1
0.029491 1
0.029701 1
0.030174 1
0.035891 1
0.025562 1
0.028479 1
0.030073 1
0.034672 1
0.026075 1
0.029877 1
0.030092 1
0.032329 1
0.028552 1
0.029666 1
0.030152 1
0.030895 1
134.012150 1
0.523589 1
0.206651 1
0.258263 2
0.388774 30
0.001288 162
1.243099 1
0.285747 1
0.647129 1
0.117687 1
0.657579 2
0.000160 6
