0.414241 126
0.897813 11
1.248588 58
0.840373 59
0.664131 27
0.471436 30
0.160298 56
0.095449 61
0.160572 14
2.551043 1
1.136746 1
0.143989 1
0.111997 1
0.696448 1
0.095096 1
0.192663 1
0.176329 1
1.408187 1
0.728869 3
1.814561 1
0.191924 1
0.208658 1
0.567747 1
0.079728 1
0.536373 2
0.135666 126
1.288730 1
0.143173 1
1.048212 4
0.192052 4
1.391864 1
0.159803 1
0.080056 1
0.864566 1
1.040142 1
0.079736 1
0.192719 1
0.288352 1
2.639782 1
0.318874 1
0.176612 1
0.959636 2
0.002789 61
0.000017 181
0.000007 113
0.000038 188
0.000629 126
1.812473 11
0.495701 28
1.104832 2
0.226708 126
1.981590 1
0.143687 1
0.519520 1
2.528606 1
1.175389 2
0.004061 124
0.000033 99
0.000023 48
0.000019 35
0.000019 2
0.000025 56
0.000020 66
0.000020 28
0.000028 151
0.000045 86
0.000021 50
0.000013 26
0.000051 156
0.000025 26
0.000018 79
0.000036 79
0.000051 83
0.000033 135
0.000040 135
0.000020 27
0.000019 81
0.000849 126
4.427532 1
0.303769 1
0.159728 1
0.160392 1
1.399570 2
0.000160 6
