0.902304 126
1.562739 1
0.095254 1
0.145024 1
0.303445 1
1.569326 1
0.000083 1
0.806367 4
0.321139 4
0.159122 4
0.129707 4
0.318843 4
0.423429 1
30.188472 1
0.136899 1
0.123580 1
0.320057 1
1.296844 1
0.567175 1
0.610146 1
2.910343 1
0.415398 1
2.656774 2
0.009507 911
0.006821 126
7.367688 2
0.000391 126
3.680093 1
0.207879 1
0.559883 4
0.127621 1
1.807886 4
0.160206 4
0.160198 1
0.145175 1
2.162780 1
0.317160 1
0.110608 1
0.224506 1
1.416824 1
0.254736 1
0.543945 1
0.536360 1
1.232307 1
0.799798 1
1.087595 1
0.225337 1
0.567560 1
0.272113 1
0.944093 2
0.302572 126
3.426859 1
0.174766 1
0.991534 1
0.272163 1
2.960570 2
0.009254 37
1.000071 37
1.000106 37
0.249535 2
0.750690 37
1.000131 37
0.449785 2
0.550430 37
1.000116 37
0.348999 2
0.651213 37
1.000107 37
0.005279 2
0.994937 37
0.774268 2
0.225905 26
1.000048 26
0.269527 2
0.000119 18
1.053174 126
37.260386 1
0.094546 1
0.130431 1
0.831218 1
0.847871 1
0.471465 1
2.748937 1
0.160145 1
0.097112 1
0.477105 1
0.252515 1
0.303905 1
0.807915 4
0.210465 4
0.189981 4
0.143178 4
0.241186 4
1.328786 1
0.479480 2
0.010423 870
0.000053 65
0.000065 455
0.000027 56
0.003970 126
5.273690 1
0.208363 1
0.175622 1
0.112475 1
1.376021 1
0.913621 1
0.412991 1
0.224837 1
0.640908 1
0.327899 1
0.271807 1
0.768750 1
1.014729 1
0.335370 1
0.680741 2
0.037345 59
0.000237 276
0.000010 2
0.000068 336
0.161951 126
3.617031 1
0.237501 1
1.668121 1
0.334571 1
0.716378 2
0.011475 25
1.000161 25
1.000147 25
0.214352 2
0.785809 37
0.158942 2
0.841184 37
1.000275 37
1.000067 37
0.694475 2
0.305650 37
1.000136 37
0.086377 2
0.913744 37
0.984071 2
0.016071 37
1.000121 37
0.294671 2
0.705466 37
1.000110 26
0.916840 2
0.083293 26
1.000150 26
0.229307 2
0.000110 19
0.007376 126
4.161734 1
0.095303 1
0.111633 1
0.608402 1
0.632257 1
1.016955 1
0.144060 1
0.102461 1
0.944638 4
0.143170 4
0.160563 4
2.232267 1
0.919658 1
1.072193 1
0.113876 1
0.704556 2
0.047886 54
0.000099 20
0.073993 60
0.014853 68
0.002345 198
0.000194 6
0.000015 31
0.000056 94
0.000040 30
0.000131 315
0.000019 64
0.000030 93
0.002563 25
0.000044 55
0.000028 60
0.000031 54
0.000032 55
0.000030 55
0.000013 57
0.000024 66
0.000022 86
0.000018 8
0.000020 29
0.000026 17
0.000033 86
0.000023 90
0.000031 137
0.000036 138
0.000039 31
0.000032 52
0.000036 62
0.000024 7
0.000027 45
0.000032 49
0.000038 74
0.000028 16
0.000011 8
0.000020 7
0.000025 84
4.159010 6
0.000110 16
0.143394 6
0.000061 16
0.143776 6
0.000054 16
0.144518 22
0.127917 6
0.000056 16
0.127590 22
0.512458 23
0.029530 6
0.000076 17
0.030497 6
0.000078 17
0.029864 23
0.030694 23
0.045390 6
0.000212 17
0.029393 6
0.000057 17
0.031017 6
0.000068 17
0.031979 23
0.030442 23
0.041718 6
0.002656 17
0.027547 6
0.000077 17
0.036484 23
0.025261 6
0.000111 17
0.028944 23
0.045544 6
0.000130 17
0.029562 23
0.030811 6
0.000057 17
0.028638 6
0.000047 17
0.032454 31
0.029959 6
0.000064 17
0.045670 6
0.000062 17
0.028076 6
0.000252 17
0.031803 6
0.000107 17
0.029755 6
0.000098 17
0.029363 23
0.046722 6
0.000068 17
0.036153 23
0.024812 6
0.000061 17
0.032536 6
0.000135 17
0.024780 6
0.000071 17
0.031926 6
0.002372 16
0.000166 19
0.000034 8
0.000025 50
0.000014 47
0.000025 9
0.000026 69
0.000038 109
0.000022 16
0.000027 8
0.000056 7
0.000029 65
0.000049 96
0.000044 7
0.000030 59
0.000026 77
0.000032 19
0.040624 6
0.000143 17
0.031386 23
0.030606 6
0.000057 17
0.028900 6
0.000108 17
0.029507 6
0.000060 17
0.045412 6
0.000057 17
0.029415 6
0.000086 17
0.034631 6
0.000072 17
0.025329 23
0.030988 6
0.000047 17
0.145327 6
0.000057 17
0.656482 6
0.000055 15
0.303294 6
0.000071 15
0.176546 6
0.000113 15
0.176229 6
0.000058 15
0.223311 6
0.000084 15
0.592731 6
0.000287 15
0.159640 6
0.000080 15
0.191450 6
0.000058 15
0.175233 6
0.000108 15
0.208660 21
0.295439 6
0.000073 13
0.161491 6
0.000128 13
0.175427 19
0.191459 6
0.000099 13
0.176359 6
0.000073 13
0.271660 6
0.000069 13
0.127838 6
0.000067 13
0.142831 6
0.000085 17
0.641770 6
0.000048 13
0.158596 6
0.000099 15
0.144209 6
0.000073 15
0.335560 6
0.000068 15
0.176807 6
0.000132 13
0.175381 6
0.000086 13
0.159142 6
0.000095 13
0.144866 6
0.000088 13
0.160016 6
0.000068 13
0.160385 6
0.000081 13
0.158764 6
0.000053 13
0.161544 6
0.000056 13
0.142841 6
0.000067 13
0.145570 6
0.000104 13
0.159159 6
0.000064 13
0.160627 19
0.174610 6
0.000253 13
0.225180 6
0.000060 13
0.366398 19
0.680362 6
0.000114 25
0.000017 6
0.565262 24
1.146284 6
0.000340 24
0.079799 30
1.248645 14
0.028621 8
0.000040 23
0.000021 35
0.000017 6
0.000030 20
1.250285 6
0.182008 6
0.000031 56
0.001201 126
0.872971 9
0.390038 17
0.697398 18
1.848600 2
0.221525 59
0.000161 278
0.000080 336
0.196937 126
0.564954 14
0.400492 27
1.065538 17
1.030459 2
0.011669 25
1.000286 25
1.000056 25
0.276480 2
0.723670 25
1.000151 25
0.067650 2
0.932459 25
1.000168 25
1.000365 25
0.499653 2
0.500488 25
1.000145 25
1.000215 37
0.820551 2
0.179559 37
1.000208 37
0.402445 2
0.597657 37
0.618594 2
0.381661 37
1.000136 37
0.242786 2
0.757362 37
1.000182 37
1.000248 37
0.722624 2
0.277517 37
1.000139 26
0.284489 2
0.715751 26
1.000125 26
0.161590 2
0.000125 19
0.527093 126
5.434652 1
0.222098 1
0.114670 1
0.174114 1
2.878820 2
0.000218 6
