0.560579 162
3.241314 1
0.111926 1
0.159650 1
1.159807 1
7.752533 1
0.690272 16
2.317838 2
0.016446 1066
0.003447 162
26.840511 1
0.237825 1
0.094852 1
0.232805 1
5.815607 1
1.004481 16
1.483508 1
0.207806 1
0.255702 1
0.240398 1
0.239236 1
1.184332 2
0.178096 162
1.295859 1
0.222759 1
0.912131 1
0.144861 1
5.872074 2
0.032718 27
0.000298 26
0.014769 19
0.033380 162
3.902184 1
0.192995 1
0.110549 1
1.889172 1
1.342968 1
0.161878 1
0.517764 1
0.144869 1
0.551862 1
0.863294 1
0.792561 1
0.112908 1
0.126487 1
0.904425 2
0.008658 12
0.000369 162
11.463899 1
0.175542 1
0.112253 1
0.336238 1
1.079870 2
0.000153 6
