0.813322 126
3.514444 4
0.707987 19
0.911198 22
0.192305 7
3.520603 1
0.384265 1
0.127360 1
1.095219 1
0.665356 1
0.558143 1
1.936292 1
0.545773 1
0.093305 1
0.993531 4
0.494225 1
0.178673 1
0.615378 1
1.415188 1
1.534412 1
0.579481 1
0.974722 1
0.208163 1
0.016221 1
0.728485 4
1.111888 1
0.886188 1
0.162189 1
0.189660 1
0.144706 1
3.553167 2
0.910308 126
5.504936 1
0.175441 1
1.145052 1
0.407375 1
0.209217 1
0.895271 1
1.263191 1
0.632265 1
0.159685 1
0.192374 1
0.256469 1
1.695853 1
0.175748 1
1.264605 1
0.527142 1
0.208582 1
0.207741 1
0.440855 1
1.152524 1
0.478346 1
0.112624 1
0.175695 1
0.657157 2
0.002312 39
0.000551 126
3.726298 1
0.126982 1
0.542758 1
5.954973 1
1.942177 1
0.142901 1
1.578375 4
0.782261 1
0.192711 1
1.447229 1
0.495978 1
1.576187 1
0.159808 1
0.632098 1
0.015943 1
0.704587 4
0.575415 4
0.593103 1
0.128594 1
0.175332 1
0.190988 1
1.097066 2
0.140916 46
0.000141 12
0.000034 102
0.000100 6
0.000015 100
0.000070 49
0.000039 17
0.000016 16
0.000014 17
0.000040 33
0.000041 33
0.000039 33
0.000040 33
0.000041 16
0.000016 18
0.000013 16
0.000026 18
0.000031 16
0.000016 18
0.000014 16
0.000013 18
0.000038 34
0.000040 34
0.000034 96
0.000043 30
0.000189 7
0.000013 11
0.000049 30
0.000046 3
0.000044 7
0.000041 7
0.000043 6
0.000144 10
0.000032 100
0.000051 33
0.000029 16
0.000014 17
0.000036 16
0.000014 17
0.000034 16
0.000013 17
0.000035 16
0.000014 17
0.000033 16
0.000014 17
0.000013 18
0.000035 31
0.000015 24
0.000036 16
0.000013 18
0.000033 16
0.000014 18
0.000034 16
0.000013 18
0.000033 16
0.000013 18
0.000033 16
0.000014 18
0.000033 16
0.000013 18
0.000028 94
0.000034 101
0.000049 7
0.000040 6
0.000066 6
0.000030 114
0.000032 26
0.000015 27
0.000034 26
0.000014 27
0.000033 26
0.000013 27
0.000036 26
0.000013 27
0.000036 26
0.000013 27
0.000034 26
0.000014 27
0.000012 28
0.000035 19
0.000013 38
0.000038 26
0.000013 28
0.000035 26
0.000013 28
0.000037 26
0.000013 28
0.000035 26
0.000013 28
0.000034 26
0.000013 28
0.000034 26
0.000013 28
0.000030 112
0.000045 30
0.000127 3
0.000158 5
0.000610 288
0.000032 54
0.000014 48
0.000023 64
2.088935 153
0.000035 69
0.000039 54
0.000011 4
0.000016 33
3.693525 6
0.000025 9
0.000041 65
0.207414 30
0.031779 6
0.000033 18
0.048093 28
0.000023 12
0.000039 46
0.000048 26
0.000030 36
0.000015 3
0.000046 87
0.000050 54
0.000037 38
0.000014 13
0.000015 7
0.000015 6
0.000017 5
0.000014 7
0.000030 53
0.000026 48
0.000014 44
0.000043 1
0.000030 5
0.000065 1
0.000014 21
0.055950 15
0.059996 11
1.724097 1
0.160282 1
0.207964 1
0.407244 1
2.252209 3
0.000027 5
0.000040 6
0.000099 2
0.000039 9
0.000018 53
5.781111 1
0.160284 1
0.728780 1
0.423076 1
0.191543 1
0.960190 1
0.591632 1
0.208186 1
0.832124 1
0.969755 1
0.126103 1
0.656309 1
0.528898 3
0.270767 1
0.175808 1
1.481259 1
0.670960 1
0.150438 1
0.139515 1
0.754048 107
0.153789 7
0.000039 6
0.000029 5
0.000051 11
0.000072 1
0.000019 40
0.087151 5
0.091208 29
0.000040 2
0.037625 5
0.084218 23
0.000034 6
0.000037 2
0.036694 5
0.000436 10
0.000058 5
0.000014 9
0.002428 11
0.000034 63
0.000072 8
0.000013 21
0.000034 32
0.000048 7
0.000032 69
0.000042 1
0.000019 5
0.000033 5
0.000017 7
0.000072 5
0.000090 6
11.070280 1
0.127955 1
0.160101 1
0.191493 1
0.127898 1
0.144437 1
0.744027 1
0.191968 1
0.376985 1
0.527996 6
0.000051 14
0.000110 6
0.000045 14
2.674350 1
0.140361 1
1.056273 1
0.191905 1
0.127980 1
3.274659 1
0.549339 1
0.337138 1
1.129000 3
0.125667 1
1.409342 1
2.255535 3
0.113401 1
2.216285 6
0.000217 34
14.183487 1
0.110698 1
0.192543 1
0.007865 1
0.791333 1
0.000034 2
0.897914 1
0.142966 1
1.295725 1
0.553665 1
0.111637 1
0.663442 34
0.000094 6
0.000022 8
0.000052 6
13.552660 1
7.271810 6
0.000032 8
0.002884 33
0.062225 171
0.000042 36
0.000141 155
0.000039 79
0.000028 18
0.000019 59
0.000054 71
0.000016 20
0.000032 13
0.000014 48
0.000062 6
0.000014 6
0.000039 4
0.000015 3
0.000014 7
0.000042 4
0.000014 3
0.000013 4
0.000042 4
0.000014 3
0.000013 7
0.000081 5
0.000150 6
2.085978 1
0.125141 1
0.211250 1
0.967184 1
0.746127 1
180.636597 1
0.776269 1
0.159644 1
0.463832 1
1.482577 6
0.000041 22
0.000119 6
0.000057 14
35.862667 1
0.127772 1
0.129644 1
0.239019 1
0.127774 1
1.338059 1
0.702254 1
0.192850 1
0.440328 1
0.870626 28
0.000080 6
0.000052 14
2.505720 1
1.238921 1
14.912429 1
1.112353 1
0.000031 2
0.271367 1
0.223974 1
0.097193 1
0.694438 1
0.664366 1
0.087666 1
0.721098 20
0.000101 6
0.000017 8
0.000017 6
3.599801 1
0.736265 6
0.000040 8
0.002201 33
0.000068 6
0.000069 130
0.000039 5
0.000021 3
0.000038 4
0.000039 15
0.000084 5
0.000091 6
1.926020 1
0.734721 6
0.000065 8
0.001223 39
0.001151 62
0.000097 7
0.000019 38
0.000070 8
0.000019 21
0.000041 32
0.000082 15
0.000033 19
0.000033 20
0.000042 11
0.000038 7
0.000021 19
0.000034 10
0.000032 15
0.000030 6
0.000015 5
0.000037 7
0.000031 10
0.000023 25
0.000020 10
0.000063 35
0.000020 30
0.000034 5
0.000018 4
0.000020 4
0.000035 5
0.397704 12
0.000040 46
0.000027 26
0.000042 39
0.000040 7
0.000050 80
0.000075 54
0.000043 38
0.000034 13
0.000034 7
0.000016 6
0.000041 12
0.000032 53
0.000038 92
0.000039 1
0.000038 11
0.000050 2
0.004060 5
0.000052 6
34.955173 1
1.197739 32
0.010537 126
6.247770 1
0.223914 1
0.440223 1
0.176097 1
2.129406 2
0.000161 6
