2.030655 126
3.903354 1
0.118893 1
0.207381 1
0.160147 1
0.928967 1
0.224132 1
0.190176 1
0.641787 1
0.432104 1
0.511495 1
3.264694 2
0.011900 588
0.000043 55
0.005424 126
3.972439 1
0.095567 1
0.160568 1
0.736008 1
3.040173 1
0.505964 1
0.109664 1
0.193149 1
1.312373 1
0.752696 1
0.062641 1
0.776270 2
0.352380 54
0.000055 20
0.136086 60
0.064020 34
0.000053 6
0.056559 105
0.000047 6
0.000066 198
0.000040 146
0.002189 80
0.000025 62
0.000024 54
0.000033 53
0.000042 100
0.000031 41
0.000035 86
0.000045 132
0.000044 122
0.000036 63
0.000031 26
0.000015 7
0.000046 77
0.000015 66
0.000034 69
0.000014 6
0.000013 12
3.155348 22
0.160315 6
0.000072 16
0.144445 6
0.000081 16
0.110961 6
0.000073 16
0.128328 6
0.000151 16
0.129506 22
0.142643 6
0.000076 17
0.112523 6
0.000111 17
0.159630 23
0.128033 6
0.000102 17
0.144299 23
0.143014 6
0.000070 5
0.000015 12
0.145596 23
0.159149 6
0.000077 17
0.391709 6
0.000143 17
0.559981 6
0.000061 3
0.000068 12
0.849157 6
0.000078 17
0.711265 6
0.000084 3
0.000069 12
5.431292 23
0.257790 19
0.191701 21
0.159974 6
0.000178 15
0.127161 21
0.160406 6
0.000064 15
0.111934 6
0.000061 15
0.128005 6
0.000084 6
0.000028 22
0.509168 6
0.000081 13
0.032469 6
0.000068 13
0.029443 19
0.026866 6
0.000087 13
0.046035 6
0.000071 13
0.031444 6
0.000081 13
0.030045 6
0.000057 13
0.028818 6
0.000066 1
0.000013 12
0.030717 19
0.046025 19
0.032246 6
0.000099 13
0.027380 6
0.000070 13
0.034178 6
0.000081 13
0.027039 19
0.031682 19
0.045567 6
0.000102 13
0.032443 6
0.000109 13
0.030339 19
0.028795 6
0.000088 13
0.030518 19
0.027841 6
0.000055 13
0.045515 6
0.000122 13
0.032916 6
0.000098 13
0.028571 6
0.000095 13
0.030940 6
0.000068 1
0.000030 12
0.031764 6
0.000073 13
0.029218 6
0.000082 13
0.031214 6
0.000078 1
0.000097 12
0.045367 6
0.000095 13
0.030633 6
0.000175 13
0.030362 6
0.000078 13
0.028705 6
0.000079 13
0.029754 6
0.000074 15
0.410127 19
0.239391 19
0.208551 19
0.175650 19
0.145727 6
0.000064 13
0.182929 6
0.000031 13
0.319935 19
0.400033 19
0.191627 19
1.297017 6
0.000070 13
0.815260 6
0.000115 7
0.000023 23
0.090768 24
0.070555 6
0.000320 17
0.157815 6
0.000163 17
1.384277 6
0.000234 46
0.775782 6
0.000071 16
1.783604 6
0.001462 42
0.607714 6
0.000147 1
0.000017 32
0.158487 6
0.000036 16
0.161057 6
0.000430 15
0.000041 15
0.000039 97
0.142753 6
0.000113 3
0.000020 12
0.144160 6
0.000112 3
0.000028 12
0.143186 6
0.000108 1
0.000018 2
0.000028 12
0.160874 6
0.000110 3
0.000018 12
0.159708 6
0.000137 1
0.000019 14
0.160688 6
0.000104 3
0.000027 12
0.160125 6
0.000118 1
0.000019 14
0.158505 6
0.000102 2
0.000016 10
0.000013 25
0.160011 6
0.000107 1
0.000021 14
0.169627 6
0.000098 3
0.000020 12
0.175460 6
0.000120 15
0.142694 6
0.000137 1
0.000016 14
0.175311 6
0.000072 16
0.177289 6
0.001448 88
0.142842 6
0.000234 15
0.501200 6
0.000159 1
0.000021 14
0.044389 6
0.000154 3
0.000021 12
0.029769 6
0.000161 1
0.000034 14
0.030777 6
0.000163 8
0.000017 45
0.031999 6
0.000155 3
0.000016 12
0.027904 6
0.000140 1
0.000018 14
0.031080 6
0.000130 1
0.000039 14
0.044170 6
0.000137 1
0.000016 14
0.031723 6
0.000156 15
0.030092 6
0.000134 1
0.000017 14
0.030443 6
0.000130 1
0.000017 14
0.030430 6
0.000131 2
0.000016 32
0.044732 6
0.000142 1
0.000040 14
0.029424 6
0.000120 1
0.000017 14
0.029892 6
0.000122 1
0.000016 14
0.031455 6
0.000125 15
0.029665 6
0.000118 1
0.000017 14
0.031612 6
0.000116 1
0.000016 14
0.044262 6
0.000118 15
0.033762 6
0.000116 1
0.000016 14
0.028351 6
0.000126 15
0.028578 6
0.000110 1
0.000017 14
0.030614 6
0.000117 1
0.000016 14
0.032747 6
0.000108 15
0.041485 6
0.000105 2
0.000019 10
0.000020 25
0.032818 6
0.000104 1
0.000016 14
0.030879 6
0.000127 1
0.000016 14
0.031008 6
0.000097 1
0.000018 14
0.029975 6
0.000098 1
0.000016 14
0.030702 6
0.000088 16
0.043996 6
0.001411 120
0.031394 6
0.000165 1
0.000018 14
0.028028 6
0.000155 1
0.000021 14
0.027977 6
0.000159 1
0.000021 14
0.029384 6
0.000210 1
0.000036 14
0.030020 6
0.000204 2
0.000026 32
0.047621 6
0.000208 1
0.000050 14
0.027495 6
0.000156 15
0.031791 6
0.000192 34
0.028923 6
0.000159 1
0.000019 14
0.030710 6
0.000157 1
0.000017 14
0.044191 6
0.000143 1
0.000012 14
0.030923 6
0.000155 1
0.000017 14
0.030405 6
0.000183 1
0.000017 14
0.030638 6
0.000149 1
0.000017 14
0.028813 6
0.000155 1
0.000017 14
0.030710 6
0.000160 1
0.000016 14
0.046855 6
0.000153 1
0.000030 14
0.026692 6
0.000156 1
0.000018 14
0.030868 6
0.000155 1
0.000018 14
0.034229 6
0.000150 1
0.000018 14
0.027539 6
0.000146 1
0.000016 14
0.030202 6
0.000148 18
0.046669 6
0.000140 1
0.000018 14
0.028621 6
0.000145 1
0.000017 14
0.031800 6
0.000151 1
0.000019 14
0.030369 6
0.000140 1
0.000017 14
0.030033 6
0.000136 1
0.000016 14
0.042885 6
0.000135 1
0.000016 14
0.030214 6
0.000118 1
0.000017 14
0.031266 6
0.000141 1
0.000016 14
0.029823 6
0.000134 18
0.030751 6
0.000131 15
0.030522 6
0.000131 1
0.000016 14
0.044991 6
0.000124 1
0.000017 14
0.029931 6
0.000129 1
0.000062 14
0.043630 21
0.018020 6
0.000125 1
0.000015 14
0.030740 6
0.000118 1
0.000017 14
0.042498 6
0.000110 18
0.031038 6
0.000106 2
0.000019 10
0.000015 13
0.000017 12
0.026790 6
0.000106 1
0.000017 14
0.031692 6
0.000103 1
0.000017 14
0.030350 6
0.000104 1
0.000017 14
0.045131 6
0.000102 1
0.000017 14
0.028164 6
0.000098 1
0.000017 14
0.034492 6
0.000095 1
0.000032 14
0.028962 6
0.000093 16
0.027514 6
0.001392 58
0.030353 6
0.000222 1
0.000022 14
0.045142 6
0.000229 1
0.000019 14
0.031062 6
0.000236 3
0.000026 12
0.031106 6
0.000208 1
0.000035 14
0.031730 6
0.000203 1
0.000022 14
0.029417 6
0.000276 1
0.000041 14
0.030385 6
0.000246 15
0.045129 6
0.000195 1
0.000029 14
0.029707 6
0.000305 1
0.000021 14
0.029427 6
0.000336 1
0.000042 14
0.029937 6
0.000298 3
0.000063 12
0.031539 6
0.000221 1
0.000015 14
0.031172 6
0.000270 1
0.000034 14
0.043197 6
0.000195 1
0.000034 14
0.031819 6
0.000218 22
0.000030 12
0.029300 6
0.000181 1
0.000023 14
0.030131 6
0.000254 2
0.000026 32
0.030311 6
0.000238 1
0.000072 14
0.028442 6
0.000180 15
0.044516 6
0.000256 1
0.000021 14
0.032020 6
0.000214 15
0.029551 6
0.000258 1
0.000015 14
0.030313 6
0.000193 3
0.000019 33
0.029628 6
0.000241 1
0.000022 14
0.044049 6
0.000164 15
0.030819 6
0.000137 15
0.032722 6
0.000243 2
0.000015 32
0.030261 6
0.000065 15
0.026334 6
0.000067 15
0.031823 6
0.000121 15
0.046362 6
0.000153 2
0.000014 32
0.030578 6
0.000107 1
0.000015 14
0.028482 6
0.000125 15
0.030631 6
0.000161 34
0.029761 6
0.000152 1
0.000019 14
0.044720 6
0.000175 1
0.000014 14
0.027239 6
0.000117 15
0.030815 6
0.000094 15
0.033476 6
0.000163 1
0.000035 14
0.031396 6
0.000151 1
0.000016 14
0.041488 6
0.000150 1
0.000018 14
0.029729 6
0.000149 1
0.000017 14
0.030920 6
0.000149 1
0.000025 14
0.030524 6
0.000137 18
0.030850 6
0.000148 2
0.000017 32
0.042447 6
0.000164 1
0.000017 14
0.038303 6
0.000139 1
0.000016 14
0.021017 6
0.000133 1
0.000019 14
0.032141 6
0.000174 3
0.000055 12
0.026106 6
0.000241 1
0.000050 14
0.030239 6
0.000157 3
0.000028 12
0.047186 6
0.000198 15
0.029012 6
0.000170 15
0.029731 6
0.000201 1
0.000019 14
0.031234 6
0.000126 1
0.000020 14
0.029216 6
0.000115 1
0.000017 14
0.046604 6
0.000124 1
0.000019 14
0.031470 6
0.000135 1
0.000045 14
0.025551 6
0.000125 2
0.000030 32
0.030789 6
0.000182 1
0.000018 14
0.031507 6
0.000165 34
0.044871 6
0.000115 1
0.000017 14
0.029087 6
0.000112 1
0.000017 14
0.032607 6
0.000190 1
0.000044 14
0.026211 6
0.000142 1
0.000018 14
0.030567 6
0.000158 1
0.000035 14
0.031852 6
0.000129 1
0.000034 14
0.043169 6
0.000105 1
0.000020 14
0.031078 6
0.000100 6
0.000021 12
0.029842 6
0.000080 1
0.000023 32
0.031474 6
0.000088 16
0.029357 6
0.001085 15
0.000048 15
0.000015 19
0.331389 6
0.001388 79
1.793456 6
0.001354 46
2.090198 6
0.000153 4
0.000050 33
0.880397 6
0.000123 16
1.063895 6
0.000157 17
0.000035 12
0.911249 6
0.000139 15
0.192324 6
0.000095 13
0.648039 6
0.000161 13
1.336320 6
0.000157 29
0.704272 6
0.000158 15
0.301630 6
0.000163 29
23.953716 6
0.000209 15
0.161731 6
0.000100 13
0.125640 6
0.000100 13
0.128467 6
0.000140 13
3.103339 6
0.000150 13
0.568246 6
0.000098 13
0.192114 6
0.000076 13
0.799674 6
0.000153 13
0.175666 6
0.000108 13
0.713385 6
0.000125 13
0.624621 6
0.000160 13
1.270914 6
0.000186 1
0.000019 14
0.951177 6
0.000106 13
0.799745 6
0.000152 13
2.840220 6
0.000167 13
0.656004 6
0.000110 29
0.680604 6
0.000186 15
1.255589 6
0.000206 1
0.000019 27
0.000015 12
1.198675 6
0.000199 38
0.240216 6
0.000235 38
0.303291 6
0.000074 38
0.240451 6
0.000079 38
0.249329 6
0.000152 38
0.862467 6
0.000081 38
2.207483 6
0.000196 13
0.391946 19
1.504850 6
0.001403 46
1.414753 35
0.454594 6
0.000179 15
1.728537 6
0.000175 33
0.785868 21
0.159438 6
0.000058 13
0.598399 6
0.000174 13
1.080367 35
0.095658 6
0.000176 3
0.000029 12
0.240406 6
0.000117 29
0.816374 7
0.000061 14
0.175231 6
0.000223 34
1.400476 6
0.000149 15
0.472043 6
0.000178 29
3.518700 6
0.000071 15
0.175390 6
0.000139 13
0.144560 6
0.000152 13
0.111586 6
0.000166 13
3.578401 6
0.000162 13
0.469126 6
0.000182 13
0.384371 6
0.000082 13
0.959929 6
0.000115 13
0.079604 6
0.000186 13
10.712505 6
0.000220 13
4.200913 6
0.000170 13
0.143853 6
0.000116 13
1.646743 6
0.000171 13
0.159886 6
0.000190 29
0.799664 21
1.657989 6
0.000283 29
0.790745 6
0.000200 15
1.616269 6
0.000206 1
0.000028 39
1.873392 35
2.757496 6
0.000224 3
0.000020 12
0.888067 6
0.000202 13
0.191484 6
0.000134 13
0.207959 6
0.000222 13
0.720106 6
0.000258 1
0.000047 14
0.176088 6
0.000304 3
0.000018 12
0.143685 21
0.711580 40
0.824346 42
0.592613 6
0.000207 30
0.238177 6
0.000203 13
0.193130 6
0.000082 13
0.223270 6
0.000193 13
1.231518 6
0.000254 3
0.000045 12
0.176959 21
0.126467 6
0.000221 1
0.000026 14
0.144096 6
0.000257 8
0.000025 40
0.128647 6
0.000250 23
0.095081 6
0.000210 1
0.000065 14
0.303267 6
0.000211 18
2.040374 36
1.881507 23
2.750394 6
0.000241 1
0.000025 39
2.663701 6
0.000204 38
0.257087 6
0.000204 38
0.247919 6
0.000202 38
0.238464 6
0.000252 38
0.288442 6
0.000250 38
1.544946 6
0.000185 13
2.470154 6
0.000231 13
3.888417 6
0.000277 17
0.000051 23
1.391497 6
0.000234 38
0.231263 6
0.000232 38
0.857109 44
0.529909 6
0.000147 38
0.159620 6
0.000245 38
1.004853 44
0.224553 44
4.615517 6
0.000211 13
1.354736 6
0.000250 13
1.061394 6
0.000311 40
0.736066 6
0.000214 38
0.192589 44
0.223482 6
0.000253 38
1.264037 44
0.832062 44
2.342650 6
0.000226 13
0.464334 6
0.000234 13
0.513915 19
0.551937 6
0.000255 13
0.126854 6
0.000265 13
1.758715 6
0.000226 13
0.633006 19
6.087337 19
0.128679 19
0.158566 19
0.305547 19
0.159632 6
0.000063 13
0.159388 6
0.000118 13
0.144307 6
0.000098 13
0.193350 19
0.165219 19
0.175853 19
0.176972 19
0.320265 6
0.000140 13
0.176141 6
0.000086 13
0.128598 6
0.000155 13
0.205813 6
0.000072 13
0.191628 6
0.000077 13
0.744655 19
0.928765 23
4.785813 21
0.158812 6
0.000087 15
0.158973 6
0.000067 1
0.000029 12
0.232809 6
0.000064 15
0.176048 6
0.000110 15
0.161158 6
0.000070 15
0.142150 21
0.176335 6
0.000190 15
0.143808 21
0.111608 21
0.160402 6
0.000042 13
0.287424 6
0.000068 13
0.176317 19
0.144435 6
0.000101 13
0.159745 6
0.000071 13
0.158397 19
1.361329 6
0.000139 13
0.951106 6
0.001549 46
4.867606 6
0.001722 12
0.000077 28
1.954528 6
0.001301 30
0.000086 88
1.117875 6
0.001484 12
0.000076 28
1.456281 6
0.000164 13
0.079337 6
0.000162 1
0.000074 39
0.127817 6
0.000163 29
1.663140 6
0.000073 1
0.000039 14
0.462513 6
0.000160 17
0.770152 22
0.719005 6
0.000140 29
0.696308 6
0.000153 15
0.127197 6
0.000110 1
0.000047 39
0.080107 35
2.136539 6
0.000174 15
1.511869 6
0.000112 13
1.797734 6
0.000168 13
0.544435 6
0.000143 13
0.633460 19
0.128388 6
0.000162 13
0.534704 6
0.000152 13
0.143486 6
0.000068 13
3.096642 6
0.000153 13
0.145514 6
0.000136 13
56.839618 19
0.096384 6
0.000199 13
0.422599 6
0.000148 13
1.663883 6
0.000165 13
0.128340 6
0.000139 13
0.209358 6
0.000178 13
0.223153 6
0.000291 13
0.920175 19
4.462978 6
0.000190 13
0.849622 6
0.001014 18
0.000022 28
3.253540 6
0.000201 4
0.000055 33
0.679834 6
0.000199 1
0.000054 18
1.129627 19
0.317613 6
0.000186 13
0.127962 6
0.000179 13
0.208019 6
0.000167 13
2.168906 21
1.408246 6
0.000141 13
0.144985 6
0.000144 13
3.773741 6
0.000033 13
1.128813 6
0.000157 13
1.464148 19
0.185234 6
0.000162 13
0.222698 6
0.000170 13
0.008077 6
0.000174 13
0.070447 6
0.000165 13
0.720319 6
0.000287 15
0.287185 6
0.000197 15
0.289501 6
0.000170 1
0.000021 14
1.064405 6
0.000203 13
0.077666 6
0.000163 13
0.936563 35
0.519577 6
0.000231 15
0.096247 6
0.000120 13
0.176783 6
0.000175 13
0.358391 6
0.000204 13
0.304384 6
0.000157 13
1.295767 6
0.000227 15
0.304790 6
0.000113 1
0.000029 14
0.158831 6
0.000129 3
0.000027 12
1.159664 6
0.000192 13
0.272846 6
0.000179 13
0.326636 6
0.000215 1
0.000071 14
0.175378 6
0.000175 13
0.159775 6
0.000234 13
0.209328 6
0.000205 13
0.143539 6
0.000188 13
2.583131 6
0.000205 8
0.000040 51
1.096168 6
0.000196 13
1.231361 6
0.000211 13
2.913225 6
0.001386 46
1.303445 6
0.000182 4
0.000027 21
0.000027 12
1.415260 6
0.000254 19
0.449156 6
0.000128 13
0.141711 6
0.000151 13
1.368049 6
0.000143 13
0.952450 6
0.000174 13
1.166270 19
2.938397 6
0.000209 13
1.197860 6
0.000297 13
2.385677 52
1.790894 6
0.000036 13
4.802427 6
0.000142 17
0.015856 6
0.001167 14
0.000029 18
0.000029 8
0.000071 73
0.000016 45
0.000040 66
0.000039 33
0.000043 50
0.000031 18
0.286629 6
0.000118 17
0.048077 6
0.000107 17
0.265402 6
0.000793 14
0.000063 31
2.114866 6
0.000097 17
0.737604 6
0.000131 16
28.240710 6
0.019548 7
0.049795 30
0.000062 8
0.000020 33
0.000043 18
3.694306 6
0.000156 16
0.399962 6
0.001591 13
0.000066 18
0.000049 53
0.000019 54
0.000049 13
0.000018 5
0.000061 74
0.000014 66
0.000055 69
0.000066 18
1.370567 6
0.000090 15
0.174111 6
0.000074 15
0.178349 6
0.000053 15
1.437314 6
0.000101 7
0.000029 23
0.651970 40
2.500469 6
0.009764 7
0.024337 30
0.000064 8
0.000017 25
0.000052 17
8.277386 6
0.040570 5
0.000026 11
0.000047 44
0.001161 126
4.950022 1
0.113671 1
0.158438 1
0.779393 1
1.245012 1
0.111691 1
1.290378 1
0.686293 1
1.441488 1
0.094283 1
0.879757 2
0.001942 580
0.000029 39
0.000472 126
6.855011 1
0.223696 1
0.111816 1
0.655280 1
0.689185 1
0.670641 1
0.712654 1
1.704824 1
0.113248 1
0.191421 1
0.431861 1
1.710347 1
0.096907 1
4.232352 1
0.911835 1
0.336533 1
0.225651 1
0.829312 1
0.079199 1
0.192522 1
0.880135 1
1.992276 2
0.256854 126
8.512180 1
0.207623 1
1.335226 1
1.120276 1
0.128761 1
0.304837 1
1.382658 1
0.872038 1
0.377152 1
0.206692 1
1.961956 1
1.151686 1
0.206724 1
1.280391 1
1.664009 1
0.111622 1
0.177049 1
1.047843 1
1.217715 1
1.350254 1
0.112432 1
1.175897 1
3.305932 2
0.051649 126
2.867210 1
0.143262 1
0.144129 1
1.423354 1
0.424422 1
0.288052 1
0.207189 1
0.193166 1
0.494882 1
0.463873 1
0.135921 1
0.673750 1
10.959305 2
0.002397 619
0.000630 126
2.316992 1
0.848000 1
1.353081 1
0.174552 1
1.634025 1
0.654181 1
0.175658 1
0.635002 4
0.141281 4
0.889010 1
0.144273 1
0.190649 1
3.416156 1
0.844041 1
0.127156 1
0.205745 1
0.583990 4
0.160529 4
0.175146 4
1.193552 1
0.157963 1
1.192407 1
0.176255 1
0.177482 1
0.855227 1
0.569097 2
0.145633 46
0.000265 12
0.000043 102
0.000096 6
0.000019 100
0.000047 33
0.000050 33
0.000045 33
0.000043 16
0.000016 17
0.000017 16
0.000016 17
0.000035 16
0.000016 17
0.000017 16
0.000016 17
0.000031 16
0.000015 18
0.000036 34
0.000040 16
0.000016 18
0.000036 16
0.000016 18
0.000035 16
0.000016 18
0.000034 16
0.000015 18
0.000031 96
0.000043 30
0.000182 7
0.000016 11
0.000050 30
0.000041 3
0.000044 7
0.000043 7
0.000039 6
0.000104 10
0.000031 100
0.000017 16
0.000016 17
0.000041 33
0.000027 33
0.000053 33
0.000039 16
0.000016 17
0.000035 33
0.000027 18
0.000031 31
0.000032 24
0.000016 16
0.000016 18
0.000034 34
0.000043 16
0.000016 18
0.000033 16
0.000015 18
0.000032 16
0.000015 18
0.000033 16
0.000016 18
0.000017 94
0.000041 101
0.000060 7
0.000030 6
0.000066 6
0.000030 114
0.000050 53
0.000042 53
0.000044 26
0.000016 27
0.000038 26
0.000016 27
0.000046 26
0.000020 27
0.000033 53
0.000022 28
0.000032 19
0.000017 38
0.000072 26
0.000017 28
0.000040 26
0.000016 28
0.000018 26
0.000017 28
0.000031 54
0.000035 26
0.000016 28
0.000016 26
0.000017 28
0.000032 112
0.000032 30
0.000096 3
0.000146 5
0.000391 35
0.000017 51
0.000016 79
0.000017 68
0.000017 55
0.000017 54
0.000017 48
0.000016 64
2.163372 222
0.000039 54
0.000025 37
1.468948 80
0.512697 30
0.043481 24
0.071623 112
0.000045 44
0.000035 35
0.000011 7
0.000049 68
0.000043 41
0.000042 38
0.000022 13
0.000018 7
0.000017 6
0.000018 12
0.000043 51
0.000017 40
0.000049 1
0.000031 5
0.000074 1
0.000020 21
0.062812 13
0.000037 2
0.130978 11
3.962074 1
1.048301 1
1.264899 1
0.094723 1
1.082194 13
0.000141 64
3.109768 1
0.618037 1
0.751926 1
0.190632 1
0.194501 1
0.221208 1
1.087926 1
0.175972 1
1.600573 1
0.976971 1
0.102807 1
0.848039 1
0.424038 1
0.343514 1
0.602367 1
0.102355 1
0.170416 1
1.058332 6
0.000033 9
0.000020 92
0.165939 7
0.000076 11
0.000062 5
0.000015 5
0.000099 1
0.000046 41
0.093366 5
0.099409 7
0.000029 11
0.000120 12
0.040871 5
0.097310 7
0.000033 11
0.000106 10
0.000071 2
0.042748 5
0.020228 22
0.002586 74
0.000099 8
0.000018 21
0.000039 32
0.069146 108
0.000044 111
0.000056 20
0.000021 45
0.000042 17
0.000040 39
0.000037 60
0.000020 39
0.000030 40
0.000052 57
0.000028 20
0.000032 80
0.000073 11
0.000058 4
0.000017 9
0.000047 10
0.000041 13
0.000117 5
0.000151 6
2.482518 1
0.110768 1
0.144152 1
0.224508 1
0.096144 1
0.871468 1
0.281954 1
0.390714 1
0.439132 1
0.585860 6
0.000024 14
0.000129 6
0.000044 14
1.254336 1
0.175489 1
0.176893 1
0.239476 1
0.159850 1
0.760126 1
0.376137 1
0.271730 1
0.528249 1
0.488439 6
0.000033 14
0.000078 6
0.000025 14
1.903129 1
0.096263 1
0.208457 1
0.208079 1
0.112176 1
0.768629 1
0.304009 1
0.343714 1
0.744209 6
0.000276 48
2.788829 1
0.869220 6
0.000034 8
0.002968 23
0.000048 10
0.000058 6
0.000041 52
0.000030 67
0.000031 4
0.000027 6
0.000031 4
0.000065 10
0.000064 5
0.000334 6
1.897335 1
0.095030 1
0.160520 1
0.384348 1
0.690010 1
0.000057 2
0.998434 1
0.095302 1
0.144271 1
1.417106 1
0.190633 1
0.432310 1
0.968948 14
0.000043 6
0.000126 6
0.000106 14
2.048300 1
0.094515 1
0.784017 1
0.223929 1
0.969760 1
0.879220 1
0.832676 1
0.159234 1
0.528881 1
2.872415 20
0.000076 6
0.000038 14
2.095866 1
0.094069 1
0.575969 1
0.240970 1
0.887789 1
0.815417 1
0.616056 1
0.111760 1
0.632985 20
0.000218 20
4.504224 1
0.631295 14
0.003785 14
0.000040 63
0.000088 8
0.000047 19
0.000013 6
0.000075 6
0.000037 61
0.000034 58
0.000048 4
0.000023 3
0.000015 4
0.000037 4
0.000024 9
0.000072 5
0.000100 6
21.886051 1
0.670063 1
0.000028 2
0.736679 1
0.207564 1
0.159658 1
0.128486 1
1.079754 1
0.223751 1
1.344293 1
0.641104 1
0.976749 1
0.774511 6
0.000031 9
0.000021 26
0.000080 6
1.895907 1
0.809124 14
0.002278 33
0.000063 125
0.000071 10
0.000025 7
0.000026 7
0.000059 5
0.000059 6
1.711441 1
0.614751 6
0.000032 8
0.002775 77
0.000087 23
0.000052 10
0.000058 6
0.000039 61
0.000033 58
0.000038 4
0.000034 7
0.000050 4
0.000017 9
0.000069 5
0.000090 6
9.290988 1
0.145130 6
0.000070 8
0.000470 5
0.000028 7
0.000013 37
0.000040 67
1.902862 1
0.736331 32
0.023884 126
4.176019 1
0.255182 1
0.112350 1
0.175963 1
0.768983 8
