0.569472 162
3.735039 1
0.192176 1
0.304122 1
0.944352 1
0.830770 1
0.733318 16
1.387315 2
0.014841 152
0.000102 1571
0.001995 162
14.238969 1
1.352506 1
0.127319 1
0.896989 1
0.543523 1
1.295746 16
1.784819 1
0.191710 1
0.241392 1
0.351059 1
0.624084 1
1.327577 2
0.182691 162
6.889394 1
0.967786 4
1.111278 1
0.128919 1
0.103524 1
0.617494 1
2.375261 1
2.350755 1
0.112702 1
0.345493 1
0.407521 1
0.175270 1
0.647893 4
0.177235 4
0.910762 1
1.064161 1
1.256647 1
0.304201 1
0.360140 1
0.335546 1
2.729439 2
0.036194 74
0.067493 56
0.001908 3
0.000031 195
0.000173 6
0.000189 218
0.000033 127
0.000029 62
0.000924 250
2.483762 6
0.000081 8
0.000018 23
0.081623 18
0.565513 6
0.000110 13
4.008605 6
0.001005 17
1.399058 19
0.737411 6
0.000095 13
0.206504 6
0.000104 13
0.208171 6
0.000126 13
0.240747 19
0.566490 19
0.320257 6
0.000147 13
0.212155 6
0.000776 13
0.189218 6
0.000114 13
0.174469 19
0.206722 6
0.000110 13
0.801372 23
1.343095 6
0.007621 8
0.035123 88
1.454277 6
0.025332 5
0.000108 56
0.000934 162
4.374669 1
0.222399 1
1.679615 1
0.207426 1
1.689514 1
0.990926 1
0.160046 1
0.128452 1
5.920999 1
0.542944 1
0.208868 1
0.270728 1
0.149784 1
0.203713 1
0.831066 1
0.535973 1
0.256545 1
0.191030 1
1.152178 1
15.400540 1
0.112285 1
0.583989 1
0.927707 1
0.224084 1
1.289545 1
0.543197 1
0.120692 1
4.430973 2
0.029705 43
0.000212 43
0.000148 43
0.001386 19
0.007058 61
0.042153 29
0.000095 30
0.001558 28
0.000061 28
0.010777 162
25.220556 1
0.255947 1
0.391329 1
0.935829 1
1.000630 2
0.000221 6
